timestamp,open,high,low,close,volume
2024-07-26,15.989999771118164,16.030000686645508,15.40999984741211,15.489999771118164,560100.0
2024-07-29,15.630000114440918,15.729999542236328,15.15999984741211,15.319999694824219,936600.0
2024-07-30,15.399999618530273,15.529999732971191,14.970000267028809,15.039999961853027,609800.0
2024-07-31,15.380000114440918,15.5600004196167,15.09000015258789,15.15999984741211,801700.0
2024-08-01,15.170000076293945,15.40999984741211,14.420000076293945,14.600000381469727,657400.0
2024-08-02,13.930000305175781,14.199999809265137,13.359999656677246,13.800000190734863,1023100.0
2024-08-05,12.8100004196167,13.100000381469727,12.510000228881836,12.770000457763672,878200.0
2024-08-06,12.829999923706055,13.640000343322754,12.59000015258789,13.329999923706055,1120300.0
2024-08-07,13.460000038146973,13.779999732971191,12.670000076293945,12.760000228881836,1007100.0
2024-08-08,13.020000457763672,13.550000190734863,12.789999961853027,13.5,1167400.0
2024-08-09,12.430000305175781,12.680000305175781,11.050000190734863,11.399999618530273,3411200.0
2024-08-12,11.369999885559082,12.09000015258789,11.319999694824219,12.050000190734863,1163800.0
2024-08-13,12.119999885559082,12.25,11.520000457763672,11.640000343322754,922300.0
2024-08-14,11.930000305175781,12.069999694824219,11.470000267028809,11.90999984741211,885000.0
2024-08-15,12.300000190734863,12.59000015258789,12.140000343322754,12.149999618530273,1033800.0
2024-08-16,12.149999618530273,12.420000076293945,12.079999923706055,12.100000381469727,749000.0
2024-08-19,12.020000457763672,12.300000190734863,12.010000228881836,12.270000457763672,609000.0
2024-08-20,12.199999809265137,12.270000457763672,11.75,12.119999885559082,635700.0
2024-08-21,12.220000267028809,12.350000381469727,12.09000015258789,12.260000228881836,515400.0
2024-08-22,12.229999542236328,12.260000228881836,11.979999542236328,11.979999542236328,538100.0
2024-08-23,12.0600004196167,12.5,12.0,12.4399995803833,590900.0
2024-08-26,12.460000038146973,12.699999809265137,12.34000015258789,12.630000114440918,485600.0
2024-08-27,12.550000190734863,12.789999961853027,12.350000381469727,12.40999984741211,534700.0
2024-08-28,12.300000190734863,12.460000038146973,12.010000228881836,12.180000305175781,623700.0
2024-08-29,12.260000228881836,12.470000267028809,12.029999732971191,12.0600004196167,537300.0
2024-08-30,12.050000190734863,12.050000190734863,11.640000343322754,11.739999771118164,1219400.0
2024-09-03,11.630000114440918,11.789999961853027,11.300000190734863,11.40999984741211,889500.0
2024-09-04,11.430000305175781,11.779999732971191,11.329999923706055,11.34000015258789,585000.0
2024-09-05,11.329999923706055,11.430000305175781,11.1899995803833,11.220000267028809,584800.0
2024-09-06,11.229999542236328,11.3100004196167,10.770000457763672,11.020000457763672,929800.0
2024-09-09,11.0,11.260000228881836,10.819999694824219,11.0,859700.0
2024-09-10,11.09000015258789,11.260000228881836,10.890000343322754,11.199999809265137,918700.0
2024-09-11,11.140000343322754,11.270000457763672,10.770000457763672,11.239999771118164,608800.0
2024-09-12,11.3100004196167,11.710000038146973,11.220000267028809,11.600000381469727,534200.0
2024-09-13,11.739999771118164,12.180000305175781,11.720000267028809,11.970000267028809,536300.0
2024-09-16,11.930000305175781,11.989999771118164,11.40999984741211,11.5600004196167,587600.0
2024-09-17,11.6899995803833,11.819999694824219,11.4399995803833,11.460000038146973,575400.0
2024-09-18,11.449999809265137,11.720000267028809,10.970000267028809,11.329999923706055,823300.0
2024-09-19,11.6899995803833,11.779999732971191,11.479999542236328,11.649999618530273,664500.0
2024-09-20,11.8100004196167,11.890000343322754,11.550000190734863,11.720000267028809,1957000.0
2024-09-23,11.850000381469727,12.09000015258789,11.649999618530273,11.850000381469727,511300.0
2024-09-24,12.199999809265137,12.630000114440918,12.0,12.029999732971191,844800.0
2024-09-25,11.949999809265137,12.180000305175781,11.8100004196167,12.010000228881836,624200.0
2024-09-26,12.239999771118164,12.270000457763672,11.510000228881836,11.970000267028809,696800.0
2024-09-27,12.039999961853027,12.130000114440918,11.729999542236328,11.829999923706055,636900.0
2024-09-30,11.8100004196167,12.109999656677246,11.770000457763672,12.109999656677246,877500.0
2024-10-01,12.079999923706055,12.199999809265137,11.460000038146973,11.75,669200.0
2024-10-02,11.729999542236328,11.9399995803833,11.4399995803833,11.460000038146973,422200.0
2024-10-03,11.359999656677246,11.5600004196167,10.979999542236328,11.020000457763672,622000.0
2024-10-04,11.270000457763672,11.470000267028809,11.050000190734863,11.470000267028809,705000.0
2024-10-07,11.390000343322754,11.5,11.0,11.140000343322754,710900.0
2024-10-08,11.260000228881836,11.300000190734863,11.050000190734863,11.109999656677246,548200.0
2024-10-09,11.109999656677246,11.270000457763672,10.859999656677246,10.90999984741211,897700.0
2024-10-10,10.739999771118164,10.760000228881836,10.4399995803833,10.739999771118164,1000600.0
2024-10-11,10.6899995803833,11.149999618530273,10.680000305175781,11.069999694824219,729300.0
2024-10-14,11.079999923706055,11.529999732971191,10.979999542236328,11.4399995803833,816000.0
2024-10-15,11.399999618530273,11.880000114440918,11.399999618530273,11.680000305175781,1154200.0
2024-10-16,11.8100004196167,11.970000267028809,11.680000305175781,11.859999656677246,614500.0
2024-10-17,11.859999656677246,12.020000457763672,11.739999771118164,11.84000015258789,415000.0
2024-10-18,11.890000343322754,11.9399995803833,11.529999732971191,11.579999923706055,569000.0
2024-10-21,11.5,11.569999694824219,11.239999771118164,11.399999618530273,524600.0
2024-10-22,11.279999732971191,11.390000343322754,11.0600004196167,11.25,460800.0
2024-10-23,11.199999809265137,11.270000457763672,10.760000228881836,10.760000228881836,491700.0
2024-10-24,10.90999984741211,10.970000267028809,10.739999771118164,10.880000114440918,426300.0
2024-10-25,10.899999618530273,11.149999618530273,10.829999923706055,10.90999984741211,428000.0
2024-10-28,11.050000190734863,11.170000076293945,10.960000038146973,10.989999771118164,415600.0
2024-10-29,10.84000015258789,11.050000190734863,10.84000015258789,10.899999618530273,312600.0
2024-10-30,10.75,10.9399995803833,10.550000190734863,10.630000114440918,720000.0
2024-10-31,10.739999771118164,10.739999771118164,10.010000228881836,10.15999984741211,933700.0
2024-11-01,10.239999771118164,10.489999771118164,10.1899995803833,10.279999732971191,913900.0
2024-11-04,10.239999771118164,10.600000381469727,10.140000343322754,10.5600004196167,602800.0
2024-11-05,10.529999732971191,11.229999542236328,10.5,11.170000076293945,1110300.0
2024-11-06,11.880000114440918,12.199999809265137,11.59000015258789,11.770000457763672,1526900.0
2024-11-07,11.84000015258789,12.449999809265137,11.739999771118164,12.15999984741211,1701200.0
2024-11-08,10.0,12.0,9.920000076293945,11.920000076293945,4004600.0
2024-11-11,12.050000190734863,12.210000038146973,11.680000305175781,12.140000343322754,1206300.0
2024-11-12,11.970000267028809,12.210000038146973,11.5600004196167,11.720000267028809,1024200.0
2024-11-13,11.84000015258789,11.84000015258789,11.350000381469727,11.460000038146973,1205700.0
2024-11-14,11.529999732971191,11.5600004196167,11.239999771118164,11.399999618530273,1033600.0
2024-11-15,11.520000457763672,11.550000190734863,11.130000114440918,11.180000305175781,729300.0
2024-11-18,11.15999984741211,11.579999923706055,10.989999771118164,11.229999542236328,943200.0
2024-11-19,11.0,11.960000038146973,11.0,11.9399995803833,680000.0
2024-11-20,11.859999656677246,12.039999961853027,11.399999618530273,11.720000267028809,1086300.0
2024-11-21,11.8100004196167,12.039999961853027,11.619999885559082,11.890000343322754,521500.0
2024-11-22,11.890000343322754,12.050000190734863,11.789999961853027,12.029999732971191,583500.0
2024-11-25,12.15999984741211,12.479999542236328,12.0600004196167,12.1899995803833,891300.0
2024-11-26,12.039999961853027,12.130000114440918,11.84000015258789,12.039999961853027,719600.0
2024-11-27,12.0,12.09000015258789,11.239999771118164,11.25,1018100.0
2024-11-29,11.300000190734863,11.550000190734863,11.15999984741211,11.220000267028809,593800.0
2024-12-02,11.199999809265137,11.90999984741211,11.199999809265137,11.8100004196167,1371300.0
2024-12-03,11.770000457763672,12.779999732971191,11.680000305175781,12.770000457763672,1089100.0
2024-12-04,12.770000457763672,13.239999771118164,12.649999618530273,13.0,1202200.0
2024-12-05,13.010000228881836,13.4399995803833,12.710000038146973,12.739999771118164,827400.0
2024-12-06,12.960000038146973,12.960000038146973,12.699999809265137,12.720000267028809,598600.0
2024-12-09,12.989999771118164,13.180000305175781,12.720000267028809,13.140000343322754,707800.0
2024-12-10,13.020000457763672,13.640000343322754,13.0,13.1899995803833,868100.0
2024-12-11,13.569999694824219,13.569999694824219,12.949999809265137,13.15999984741211,648000.0
2024-12-12,12.899999618530273,13.180000305175781,12.850000381469727,13.100000381469727,468300.0
2024-12-13,13.09000015258789,13.260000228881836,12.3100004196167,12.390000343322754,517800.0
2024-12-16,12.390000343322754,12.9399995803833,12.380000114440918,12.850000381469727,706600.0
2024-12-17,12.760000228881836,12.770000457763672,12.170000076293945,12.390000343322754,714300.0
2024-12-18,12.609999656677246,12.720000267028809,11.529999732971191,11.729999542236328,662100.0
2024-12-19,11.84000015258789,11.989999771118164,11.34000015258789,11.449999809265137,1009600.0
2024-12-20,11.210000038146973,11.720000267028809,11.119999885559082,11.289999961853027,2914800.0
2024-12-23,11.329999923706055,11.6899995803833,11.220000267028809,11.390000343322754,611000.0
2024-12-24,11.479999542236328,11.65999984741211,11.369999885559082,11.539999961853027,225500.0
2024-12-26,11.520000457763672,11.850000381469727,11.479999542236328,11.770000457763672,365800.0
2024-12-27,11.619999885559082,11.779999732971191,11.279999732971191,11.470000267028809,411600.0
2024-12-30,11.260000228881836,11.4399995803833,11.119999885559082,11.25,524700.0
2024-12-31,11.369999885559082,11.489999771118164,11.109999656677246,11.1899995803833,539200.0
2025-01-02,11.270000457763672,11.399999618530273,10.75,10.970000267028809,1024600.0
2025-01-03,11.0,11.130000114440918,10.90999984741211,11.109999656677246,527300.0
2025-01-06,11.260000228881836,11.779999732971191,11.260000228881836,11.4399995803833,742900.0
2025-01-07,11.729999542236328,11.9399995803833,11.319999694824219,11.510000228881836,690200.0
2025-01-08,11.40999984741211,11.930000305175781,11.279999732971191,11.869999885559082,665100.0
2025-01-10,11.569999694824219,11.569999694824219,11.170000076293945,11.470000267028809,704700.0
2025-01-13,11.220000267028809,11.390000343322754,10.869999885559082,11.329999923706055,623300.0
2025-01-14,11.760000228881836,11.890000343322754,11.199999809265137,11.550000190734863,557800.0
2025-01-15,11.8100004196167,11.979999542236328,11.5600004196167,11.619999885559082,649000.0
2025-01-16,11.760000228881836,11.989999771118164,11.59000015258789,11.949999809265137,728100.0
2025-01-17,12.0600004196167,12.149999618530273,11.680000305175781,11.829999923706055,862200.0
2025-01-21,11.930000305175781,12.350000381469727,11.930000305175781,12.1899995803833,977600.0
2025-01-22,12.229999542236328,12.390000343322754,11.739999771118164,11.829999923706055,848400.0
2025-01-23,11.680000305175781,12.050000190734863,11.65999984741211,12.0,987900.0
2025-01-24,12.029999732971191,12.25,11.729999542236328,11.84000015258789,976600.0
2025-01-27,11.609999656677246,11.8100004196167,11.470000267028809,11.710000038146973,1157600.0
2025-01-28,11.699999809265137,12.09000015258789,11.460000038146973,11.920000076293945,801900.0
2025-01-29,11.850000381469727,11.960000038146973,11.420000076293945,11.720000267028809,768900.0
2025-01-30,12.0,12.210000038146973,11.649999618530273,11.680000305175781,411600.0
2025-01-31,11.670000076293945,11.970000267028809,11.619999885559082,11.710000038146973,507800.0
2025-02-03,11.170000076293945,11.420000076293945,11.0,11.229999542236328,676800.0
2025-02-04,11.180000305175781,11.619999885559082,11.119999885559082,11.619999885559082,689800.0
2025-02-05,11.699999809265137,11.739999771118164,11.489999771118164,11.520000457763672,800000.0
2025-02-06,11.640000343322754,11.6899995803833,11.119999885559082,11.380000114440918,916600.0
2025-02-07,11.359999656677246,11.460000038146973,11.020000457763672,11.180000305175781,535200.0
2025-02-10,11.220000267028809,11.59000015258789,11.149999618530273,11.5600004196167,404900.0
2025-02-11,11.520000457763672,11.680000305175781,11.40999984741211,11.520000457763672,442800.0
2025-02-12,11.289999961853027,11.390000343322754,10.979999542236328,11.260000228881836,633600.0
2025-02-13,11.300000190734863,11.510000228881836,11.1899995803833,11.479999542236328,464300.0
2025-02-14,11.40999984741211,11.600000381469727,11.350000381469727,11.59000015258789,301200.0
2025-02-18,11.609999656677246,11.770000457763672,11.5,11.640000343322754,466800.0
2025-02-19,11.59000015258789,11.710000038146973,11.359999656677246,11.430000305175781,682500.0
2025-02-20,11.319999694824219,11.390000343322754,11.020000457763672,11.239999771118164,664000.0
2025-02-21,11.390000343322754,11.59000015258789,11.210000038146973,11.470000267028809,657100.0
2025-02-24,11.460000038146973,11.619999885559082,11.3100004196167,11.550000190734863,617200.0
2025-02-25,11.619999885559082,11.880000114440918,11.40999984741211,11.760000228881836,854200.0
2025-02-26,11.779999732971191,12.020000457763672,11.59000015258789,11.880000114440918,912200.0
2025-02-27,11.899999618530273,12.199999809265137,11.640000343322754,11.920000076293945,1487000.0
2025-02-28,12.529999732971191,14.470000267028809,12.390000343322754,14.380000114440918,2927100.0
2025-03-03,14.140000343322754,14.260000228881836,12.069999694824219,12.149999618530273,3036200.0
2025-03-04,11.890000343322754,12.039999961853027,11.079999923706055,11.84000015258789,1937900.0
2025-03-05,11.829999923706055,12.329999923706055,11.699999809265137,12.279999732971191,1403700.0
2025-03-06,11.90999984741211,12.359999656677246,11.800000190734863,11.850000381469727,1252000.0
2025-03-07,11.800000190734863,11.979999542236328,11.510000228881836,11.819999694824219,1216500.0
2025-03-10,11.520000457763672,11.630000114440918,10.859999656677246,10.970000267028809,1458400.0
2025-03-11,10.960000038146973,11.390000343322754,10.880000114440918,10.930000305175781,1249600.0
2025-03-12,10.989999771118164,11.180000305175781,10.539999961853027,10.609999656677246,899400.0
2025-03-13,10.59000015258789,10.680000305175781,10.25,10.529999732971191,978500.0
2025-03-14,10.699999809265137,10.869999885559082,10.510000228881836,10.630000114440918,1057600.0
2025-03-17,10.65999984741211,11.210000038146973,10.59000015258789,11.039999961853027,683200.0
2025-03-18,10.720000267028809,10.979999542236328,10.5,10.600000381469727,1156700.0
2025-03-19,10.640000343322754,10.960000038146973,10.529999732971191,10.869999885559082,1038900.0
2025-03-20,10.75,11.069999694824219,10.579999923706055,10.699999809265137,1309700.0
2025-03-21,10.460000038146973,10.739999771118164,10.34000015258789,10.529999732971191,1425300.0
2025-03-24,10.770000457763672,10.9399995803833,10.760000228881836,10.869999885559082,703000.0
2025-03-25,10.829999923706055,10.869999885559082,10.550000190734863,10.5600004196167,861500.0
2025-03-26,10.670000076293945,10.739999771118164,10.489999771118164,10.710000038146973,683800.0
2025-03-27,10.6899995803833,10.819999694824219,10.460000038146973,10.470000267028809,759500.0
2025-03-28,10.430000305175781,10.449999809265137,10.039999961853027,10.260000228881836,1034800.0
2025-03-31,10.039999961853027,10.109999656677246,9.770000457763672,9.869999885559082,889400.0
2025-04-01,9.90999984741211,9.949999809265137,9.65999984741211,9.75,803200.0
2025-04-02,9.579999923706055,9.8100004196167,9.430000305175781,9.630000114440918,1054700.0
2025-04-03,8.989999771118164,9.0,8.34000015258789,8.510000228881836,1172400.0
2025-04-04,8.220000267028809,8.479999542236328,7.840000152587891,8.470000267028809,1356900.0
2025-04-07,7.96999979019165,9.069999694824219,7.940000057220459,8.710000038146973,1525800.0
2025-04-08,9.109999656677246,9.109999656677246,8.130000114440918,8.40999984741211,1180400.0
2025-04-09,8.430000305175781,9.880000114440918,8.369999885559082,9.430000305175781,1142000.0
2025-04-10,9.0600004196167,9.1899995803833,8.720000267028809,8.829999923706055,903800.0
2025-04-11,8.789999961853027,8.989999771118164,8.5,8.880000114440918,919100.0
2025-04-14,9.350000381469727,9.350000381469727,8.829999923706055,9.069999694824219,815400.0
2025-04-15,9.0,9.220000267028809,9.0,9.180000305175781,580500.0
2025-04-16,9.0,9.3100004196167,8.979999542236328,9.15999984741211,523500.0
2025-04-17,9.210000038146973,9.329999923706055,8.979999542236328,9.210000038146973,506100.0
2025-04-21,9.050000190734863,9.119999885559082,8.779999732971191,9.010000228881836,539100.0
2025-04-22,9.170000076293945,9.350000381469727,9.050000190734863,9.239999771118164,619500.0
2025-04-23,9.640000343322754,9.729999542236328,9.319999694824219,9.390000343322754,489300.0
2025-04-24,9.390000343322754,9.760000228881836,9.390000343322754,9.739999771118164,465900.0
2025-04-25,9.649999618530273,9.930000305175781,9.59000015258789,9.920000076293945,425500.0
2025-04-28,9.850000381469727,9.960000038146973,9.670000076293945,9.899999618530273,567000.0
2025-04-29,9.880000114440918,10.0600004196167,9.789999961853027,9.930000305175781,493600.0
2025-04-30,9.600000381469727,9.880000114440918,9.399999618530273,9.829999923706055,665600.0
2025-05-01,9.949999809265137,10.15999984741211,9.8100004196167,10.09000015258789,640600.0
2025-05-02,10.199999809265137,10.449999809265137,10.149999618530273,10.350000381469727,465200.0
2025-05-05,10.260000228881836,10.529999732971191,10.149999618530273,10.25,630800.0
2025-05-06,10.0,10.40999984741211,10.0,10.34000015258789,685600.0
2025-05-07,10.359999656677246,10.460000038146973,10.199999809265137,10.399999618530273,598300.0
2025-05-08,10.640000343322754,11.300000190734863,10.300000190734863,10.640000343322754,1358900.0
2025-05-09,11.680000305175781,12.479999542236328,11.59000015258789,12.430000305175781,1630700.0
2025-05-12,12.739999771118164,13.350000381469727,12.260000228881836,13.329999923706055,1659200.0
2025-05-13,13.5,13.850000381469727,13.130000114440918,13.720000267028809,1087400.0
2025-05-14,13.670000076293945,13.789999961853027,13.470000267028809,13.739999771118164,788700.0
2025-05-15,13.600000381469727,13.800000190734863,13.449999809265137,13.789999961853027,817900.0
2025-05-16,13.829999923706055,13.930000305175781,13.619999885559082,13.710000038146973,682400.0
2025-05-19,13.420000076293945,13.770000457763672,13.390000343322754,13.630000114440918,571900.0
2025-05-20,13.579999923706055,13.739999771118164,13.449999809265137,13.630000114440918,422100.0
2025-05-21,13.5,13.869999885559082,13.5,13.640000343322754,687200.0
2025-05-22,13.609999656677246,13.6899995803833,13.529999732971191,13.569999694824219,411100.0
2025-05-23,13.390000343322754,13.470000267028809,13.260000228881836,13.300000190734863,481700.0
2025-05-27,13.529999732971191,13.710000038146973,13.380000114440918,13.710000038146973,593700.0
2025-05-28,13.680000305175781,13.680000305175781,13.399999618530273,13.550000190734863,893700.0
2025-05-29,13.640000343322754,13.84000015258789,13.430000305175781,13.75,737200.0
2025-05-30,13.680000305175781,14.470000267028809,13.569999694824219,14.319999694824219,1930900.0
2025-06-02,14.25,14.5,14.039999961853027,14.460000038146973,1049600.0
2025-06-03,14.470000267028809,14.720000267028809,14.399999618530273,14.65999984741211,573600.0
2025-06-04,14.670000076293945,14.779999732971191,14.529999732971191,14.600000381469727,470200.0
2025-06-05,15.5,16.290000915527344,14.600000381469727,16.209999084472656,2296900.0
2025-06-06,16.309999465942383,17.260000228881836,16.219999313354492,16.780000686645508,1854400.0
2025-06-09,16.93000030517578,17.3700008392334,16.520000457763672,17.34000015258789,956200.0
2025-06-10,17.469999313354492,17.59000015258789,17.010000228881836,17.09000015258789,1082100.0
2025-06-11,17.110000610351562,17.270000457763672,16.799999237060547,17.020000457763672,1294000.0
2025-06-12,16.90999984741211,17.049999237060547,16.68000030517578,16.770000457763672,718800.0
2025-06-13,16.549999237060547,17.1200008392334,16.459999084472656,17.06999969482422,940600.0
2025-06-16,17.06999969482422,17.59000015258789,16.8799991607666,17.229999542236328,1382700.0
2025-06-17,17.200000762939453,17.700000762939453,17.139999389648438,17.280000686645508,1296800.0
2025-06-18,17.239999771118164,17.479999542236328,17.040000915527344,17.229999542236328,1119400.0
2025-06-20,17.309999465942383,17.520000457763672,16.950000762939453,17.110000610351562,2739100.0
2025-06-23,17.020000457763672,17.139999389648438,16.34000015258789,16.65999984741211,1429200.0
2025-06-24,16.809999465942383,17.059999465942383,16.649999618530273,16.799999237060547,1512400.0
2025-06-25,16.760000228881836,17.100000381469727,16.6299991607666,16.760000228881836,1797000.0
2025-06-26,17.09000015258789,17.5,16.770000457763672,17.360000610351562,2072200.0
2025-06-27,17.399999618530273,17.5,16.850000381469727,17.170000076293945,1880000.0
2025-06-30,17.139999389648438,17.219999313354492,16.739999771118164,16.959999084472656,1004400.0
2025-07-01,16.899999618530273,17.56999969482422,16.850000381469727,17.139999389648438,2207800.0
2025-07-02,17.229999542236328,17.280000686645508,16.6299991607666,16.93000030517578,1183300.0
2025-07-03,17.010000228881836,17.979999542236328,17.010000228881836,17.600000381469727,1481800.0
2025-07-07,17.290000915527344,17.43000030517578,16.649999618530273,16.700000762939453,1084800.0
2025-07-08,16.899999618530273,16.969999313354492,16.399999618530273,16.6299991607666,1623300.0
2025-07-09,16.709999084472656,16.850000381469727,16.3700008392334,16.479999542236328,1084100.0
2025-07-10,16.34000015258789,16.549999237060547,16.139999389648438,16.290000915527344,809600.0
2025-07-11,16.209999084472656,16.350000381469727,15.65999984741211,15.720000267028809,866500.0
2025-07-14,15.65999984741211,16.290000915527344,15.430000305175781,16.200000762939453,940900.0
2025-07-15,16.309999465942383,16.459999084472656,16.09000015258789,16.170000076293945,866900.0
2025-07-16,16.290000915527344,16.3799991607666,16.010000228881836,16.209999084472656,827500.0
2025-07-17,16.170000076293945,16.389999389648438,15.949999809265137,16.239999771118164,1285200.0
2025-07-18,16.329999923706055,16.559999465942383,16.110000610351562,16.350000381469727,1405100.0
2025-07-21,16.40999984741211,16.450000762939453,16.1200008392334,16.25,1278900.0
2025-07-22,16.239999771118164,16.43000030517578,15.869999885559082,16.190000534057617,1192300.0
2025-07-23,16.170000076293945,16.81999969482422,16.170000076293945,16.790000915527344,1267600.0
2025-07-24,16.90999984741211,17.100000381469727,16.34000015258789,16.40999984741211,983500.0
2025-07-25,16.450000762939453,16.489999771118164,16.110000610351562,16.229999542236328,1076100.0
2025-07-28,16.260000228881836,16.469999313354492,16.010000228881836,16.34000015258789,1017400.0
2025-07-29,16.469999313354492,16.799999237060547,16.100000381469727,16.100000381469727,1148600.0
2025-07-30,16.219999313354492,16.530000686645508,16.100000381469727,16.290000915527344,1336800.0
2025-07-31,16.270000457763672,16.389999389648438,15.949999809265137,16.200000762939453,1333800.0
2025-08-01,15.899999618530273,17.479999542236328,15.4399995803833,15.760000228881836,1492100.0
2025-08-04,15.680000305175781,16.190000534057617,15.680000305175781,16.110000610351562,982200.0
2025-08-05,16.34000015258789,16.579999923706055,16.059999465942383,16.059999465942383,853300.0
2025-08-06,16.059999465942383,16.229999542236328,15.960000038146973,16.100000381469727,1029100.0
2025-08-07,16.239999771118164,16.459999084472656,15.859999656677246,16.43000030517578,1569300.0
2025-08-08,19.25,19.25,16.709999084472656,16.709999084472656,4649100.0
2025-08-11,16.489999771118164,17.40999984741211,16.3799991607666,17.200000762939453,3047600.0
2025-08-12,17.100000381469727,18.479999542236328,17.049999237060547,18.139999389648438,4775100.0
2025-08-13,18.200000762939453,18.489999771118164,16.719999313354492,17.25,2905800.0
2025-08-14,16.899999618530273,17.110000610351562,16.389999389648438,16.600000381469727,1753300.0
2025-08-15,16.65999984741211,16.860000610351562,16.100000381469727,16.469999313354492,1157600.0
2025-08-18,16.479999542236328,17.299999237060547,16.440000534057617,17.110000610351562,1381900.0
2025-08-19,17.049999237060547,17.229999542236328,16.68000030517578,16.780000686645508,784100.0
2025-08-20,16.75,16.760000228881836,16.40999984741211,16.65999984741211,860100.0
2025-08-21,16.65999984741211,16.93000030517578,16.559999465942383,16.84000015258789,1247900.0
2025-08-22,17.0,17.8700008392334,17.0,17.540000915527344,1729600.0
2025-08-25,17.579999923706055,17.739999771118164,16.989999771118164,16.989999771118164,1598800.0
2025-08-26,17.100000381469727,17.3700008392334,16.920000076293945,17.229999542236328,1206200.0
2025-08-27,17.209999084472656,17.65999984741211,17.149999618530273,17.579999923706055,1289300.0
2025-08-28,17.709999084472656,17.8799991607666,17.540000915527344,17.850000381469727,933500.0
2025-08-29,17.799999237060547,17.950000762939453,17.209999084472656,17.40999984741211,1577200.0
2025-09-02,17.3799991607666,17.989999771118164,17.1200008392334,17.940000534057617,1917500.0
2025-09-03,18.1299991607666,18.75,18.040000915527344,18.40999984741211,2265400.0
2025-09-04,18.350000381469727,18.40999984741211,17.809999465942383,18.239999771118164,1473500.0
2025-09-05,18.260000228881836,18.389999389648438,17.90999984741211,18.1299991607666,1464200.0
2025-09-08,18.200000762939453,18.59000015258789,18.079999923706055,18.09000015258789,1002900.0
2025-09-09,18.059999465942383,18.110000610351562,17.3799991607666,17.510000228881836,1770700.0
2025-09-10,17.540000915527344,17.760000228881836,16.530000686645508,16.920000076293945,1826400.0
2025-09-11,17.06999969482422,17.56999969482422,16.969999313354492,17.34000015258789,1550300.0
2025-09-12,17.239999771118164,17.649999618530273,17.229999542236328,17.43000030517578,997100.0
2025-09-15,17.6200008392334,17.959999084472656,17.5,17.68000030517578,939300.0
2025-09-16,17.670000076293945,18.100000381469727,17.479999542236328,18.010000228881836,960500.0
2025-09-17,18.0,18.3700008392334,17.850000381469727,18.110000610351562,1317500.0
2025-09-18,18.389999389648438,18.5,18.0,18.010000228881836,2399800.0
2025-09-19,18.010000228881836,18.1299991607666,17.809999465942383,18.06999969482422,1685700.0
2025-09-22,18.040000915527344,18.600000381469727,17.8700008392334,18.540000915527344,1078100.0
2025-09-23,18.600000381469727,18.75,17.989999771118164,17.989999771118164,770900.0
2025-09-24,18.0,18.0,17.040000915527344,17.049999237060547,1419500.0
2025-09-25,16.889999389648438,17.0,16.489999771118164,16.90999984741211,2096500.0
2025-09-26,16.899999618530273,17.219999313354492,16.780000686645508,17.020000457763672,980300.0
2025-09-29,17.139999389648438,17.15999984741211,16.860000610351562,17.139999389648438,1061100.0
2025-09-30,17.18000030517578,17.270000457763672,16.709999084472656,16.950000762939453,1283400.0
2025-10-01,16.6200008392334,17.020000457763672,16.6200008392334,16.920000076293945,1230300.0
2025-10-02,17.030000686645508,17.15999984741211,16.829999923706055,17.079999923706055,1051400.0
2025-10-03,17.18000030517578,17.829999923706055,17.149999618530273,17.25,873500.0
2025-10-06,17.459999084472656,17.549999237060547,16.950000762939453,17.170000076293945,893000.0
2025-10-07,17.6200008392334,17.6200008392334,16.559999465942383,16.889999389648438,946800.0
2025-10-08,17.0,17.309999465942383,16.8799991607666,17.260000228881836,603500.0
2025-10-09,17.219999313354492,17.3799991607666,16.860000610351562,17.350000381469727,843200.0
2025-10-10,17.350000381469727,17.450000762939453,16.600000381469727,16.670000076293945,847500.0
2025-10-13,17.09000015258789,17.329999923706055,16.950000762939453,17.18000030517578,822200.0
2025-10-14,16.829999923706055,17.59000015258789,16.780000686645508,17.469999313354492,1028400.0
2025-10-15,17.709999084472656,18.0,17.610000610351562,17.899999618530273,711400.0
2025-10-16,17.989999771118164,18.040000915527344,17.59000015258789,17.68000030517578,595400.0
2025-10-17,17.43000030517578,17.799999237060547,17.25,17.540000915527344,694400.0
2025-10-20,17.770000457763672,18.1299991607666,17.540000915527344,18.110000610351562,696000.0
2025-10-21,18.09000015258789,18.18000030517578,17.700000762939453,18.059999465942383,557700.0
2025-10-22,18.040000915527344,18.389999389648438,17.989999771118164,18.270000457763672,905900.0
2025-10-23,18.3700008392334,18.809999465942383,18.219999313354492,18.770000457763672,1299000.0
2025-10-24,19.0,19.899999618530273,18.979999542236328,19.440000534057617,1647900.0
2025-10-27,19.889999389648438,19.90999984741211,19.049999237060547,19.219999313354492,1390500.0
2025-10-28,19.280000686645508,19.309999465942383,18.559999465942383,19.260000228881836,1166900.0
2025-10-29,19.290000915527344,19.940000534057617,18.979999542236328,19.34000015258789,1268700.0
2025-10-30,19.389999389648438,19.559999465942383,18.739999771118164,18.93000030517578,945700.0
2025-10-31,19.079999923706055,19.3700008392334,18.940000534057617,19.34000015258789,862700.0
2025-11-03,19.34000015258789,19.350000381469727,18.75,18.969999313354492,1195000.0
2025-11-04,18.579999923706055,18.600000381469727,17.479999542236328,17.75,1433200.0
2025-11-05,17.65999984741211,17.84000015258789,17.3700008392334,17.709999084472656,1302100.0
2025-11-06,17.520000457763672,17.760000228881836,16.850000381469727,16.940000534057617,1230900.0
2025-11-07,15.970000267028809,16.360000610351562,14.819999694824219,14.829999923706055,2929900.0
2025-11-10,15.140000343322754,15.8100004196167,14.920000076293945,15.770000457763672,2548300.0
2025-11-11,15.609999656677246,15.729999542236328,15.180000305175781,15.40999984741211,1865600.0
2025-11-12,15.489999771118164,16.0,15.489999771118164,15.579999923706055,1456000.0
2025-11-13,15.369999885559082,15.609999656677246,14.970000267028809,15.069999694824219,1668900.0
2025-11-14,14.6899995803833,14.890000343322754,14.119999885559082,14.140000343322754,1646100.0
2025-11-17,14.039999961853027,14.130000114440918,13.329999923706055,13.529999732971191,1819200.0
2025-11-18,13.579999923706055,13.819999694824219,13.380000114440918,13.40999984741211,1099200.0
2025-11-19,13.460000038146973,13.600000381469727,13.1899995803833,13.300000190734863,983600.0
2025-11-20,13.5600004196167,13.699999809265137,12.8100004196167,12.899999618530273,1429400.0
2025-11-21,12.819999694824219,13.34000015258789,12.819999694824219,13.319999694824219,1424600.0
2025-11-24,13.380000114440918,13.609999656677246,13.289999961853027,13.579999923706055,1138100.0
2025-11-25,13.630000114440918,14.25,13.609999656677246,14.100000381469727,1525600.0
2025-11-26,14.050000190734863,14.539999961853027,13.989999771118164,14.359999656677246,1632600.0
2025-11-28,14.359999656677246,14.5600004196167,14.300000190734863,14.5,596200.0
2025-12-01,14.25,14.4399995803833,14.0600004196167,14.220000267028809,1356700.0
2025-12-02,14.369999885559082,14.5,13.729999542236328,13.890000343322754,1307400.0
2025-12-03,13.899999618530273,14.319999694824219,13.84000015258789,14.270000457763672,1015200.0
2025-12-04,14.229999542236328,14.390000343322754,14.069999694824219,14.390000343322754,805900.0
2025-12-05,14.390000343322754,14.510000228881836,14.210000038146973,14.510000228881836,761700.0
2025-12-08,14.600000381469727,14.649999618530273,14.180000305175781,14.199999809265137,919200.0
2025-12-09,14.380000114440918,14.739999771118164,14.25,14.350000381469727,1073400.0
2025-12-10,14.270000457763672,14.609999656677246,14.180000305175781,14.359999656677246,1077800.0
2025-12-11,14.300000190734863,14.479999542236328,14.109999656677246,14.430000305175781,858200.0
2025-12-12,14.479999542236328,14.479999542236328,13.75,14.069999694824219,1457700.0
2025-12-15,14.210000038146973,14.289999961853027,13.369999885559082,13.420000076293945,1585800.0
2025-12-16,13.420000076293945,13.680000305175781,13.3100004196167,13.510000228881836,1900400.0
2025-12-17,13.5600004196167,13.850000381469727,13.260000228881836,13.329999923706055,1466800.0
2025-12-18,13.569999694824219,14.0600004196167,13.529999732971191,13.930000305175781,1454300.0
2025-12-19,13.90999984741211,14.270000457763672,13.890000343322754,14.050000190734863,3213900.0
2025-12-22,14.229999542236328,14.229999542236328,13.880000114440918,13.9399995803833,866300.0
2025-12-23,13.859999656677246,14.079999923706055,13.670000076293945,13.930000305175781,624900.0
2025-12-24,13.84000015258789,14.100000381469727,13.829999923706055,14.029999732971191,365500.0
2025-12-26,14.039999961853027,14.300000190734863,13.869999885559082,14.15999984741211,642600.0
2025-12-29,14.119999885559082,14.130000114440918,13.960000038146973,14.109999656677246,644700.0
2025-12-30,14.0,14.140000343322754,13.869999885559082,13.899999618530273,635000.0
2025-12-31,13.90999984741211,14.039999961853027,13.800000190734863,13.989999771118164,852000.0
2026-01-02,14.130000114440918,14.130000114440918,13.149999618530273,13.229999542236328,1955700.0
2026-01-05,13.5,14.020000457763672,13.359999656677246,13.829999923706055,1101000.0
2026-01-06,13.829999923706055,14.029999732971191,13.510000228881836,13.640000343322754,1056900.0
2026-01-07,13.619999885559082,14.050000190734863,13.600000381469727,13.90999984741211,1093200.0
2026-01-08,13.789999961853027,13.890000343322754,13.390000343322754,13.84000015258789,1211700.0
2026-01-09,13.800000190734863,13.9399995803833,13.520000457763672,13.579999923706055,1401500.0
2026-01-12,13.529999732971191,13.59000015258789,13.15999984741211,13.539999961853027,1315100.0
2026-01-13,13.630000114440918,13.970000267028809,13.529999732971191,13.819999694824219,1232600.0
2026-01-14,13.819999694824219,13.9399995803833,13.569999694824219,13.930000305175781,751100.0
2026-01-15,14.15999984741211,14.220000267028809,13.800000190734863,13.989999771118164,930300.0
2026-01-16,14.020000457763672,14.100000381469727,13.789999961853027,14.09000015258789,1217100.0
2026-01-20,13.699999809265137,14.050000190734863,13.319999694824219,13.399999618530273,1055500.0
2026-01-21,13.489999771118164,13.859999656677246,13.34000015258789,13.649999618530273,1009200.0
2026-01-22,13.949999809265137,14.260000228881836,13.819999694824219,13.920000076293945,1044300.0
2026-01-23,13.899999618530273,13.899999618530273,12.989999771118164,12.989999771118164,926600.0
2026-01-26,13.170000076293945,13.4399995803833,13.050000190734863,13.329999923706055,1359000.0
2026-01-27,13.34000015258789,13.430000305175781,12.899999618530273,13.199999809265137,993000.0
2026-01-28,13.260000228881836,13.319999694824219,12.779999732971191,12.869999885559082,1092800.0
2026-01-29,12.880000114440918,13.069999694824219,12.59000015258789,13.020000457763672,1097800.0
2026-01-30,12.890000343322754,13.0600004196167,12.569999694824219,12.6899995803833,1503000.0
2026-02-02,12.65999984741211,13.170000076293945,12.65999984741211,12.8100004196167,1249000.0
2026-02-03,12.8100004196167,12.9399995803833,11.75,12.720000267028809,3491400.0
2026-02-04,12.600000381469727,13.010000228881836,12.329999923706055,12.739999771118164,2316500.0
2026-02-05,12.449999809265137,12.739999771118164,11.960000038146973,12.020000457763672,1094900.0
2026-02-06,12.210000038146973,12.449999809265137,12.039999961853027,12.399999618530273,1512500.0
2026-02-09,12.210000038146973,12.760000228881836,12.170000076293945,12.479999542236328,930900.0
2026-02-10,12.5600004196167,12.819999694824219,12.369999885559082,12.369999885559082,876600.0
2026-02-11,12.619999885559082,12.619999885559082,11.510000228881836,11.5600004196167,1740700.0
2026-02-12,11.609999656677246,11.9399995803833,11.050000190734863,11.229999542236328,1134100.0
2026-02-13,11.40999984741211,11.539999961853027,11.180000305175781,11.420000076293945,1129600.0
2026-02-17,11.279999732971191,11.739999771118164,11.270000457763672,11.65999984741211,1116500.0
2026-02-18,11.619999885559082,11.800000190734863,11.34000015258789,11.479999542236328,1092300.0
2026-02-19,11.420000076293945,11.729999542236328,11.420000076293945,11.619999885559082,1234200.0
2026-02-20,11.5,11.989999771118164,11.5,11.609999656677246,1174500.0
2026-02-23,11.5600004196167,11.670000076293945,11.270000457763672,11.420000076293945,2232500.0
2026-02-24,11.489999771118164,11.899999618530273,11.489999771118164,11.609999656677246,1082900.0
2026-02-25,11.779999732971191,12.039999961853027,11.489999771118164,11.90999984741211,957400.0
2026-02-26,12.069999694824219,12.4399995803833,11.90999984741211,12.34000015258789,1730200.0
2026-02-27,14.579999923706055,16.3700008392334,14.5,15.6899995803833,6231800.0
2026-03-02,15.15999984741211,15.649999618530273,14.779999732971191,15.289999961853027,3895900.0
2026-03-03,14.760000228881836,15.149999618530273,14.300000190734863,15.09000015258789,3132800.0
2026-03-04,15.329999923706055,15.75,14.819999694824219,15.039999961853027,1445300.0
2026-03-05,14.890000343322754,15.100000381469727,13.949999809265137,14.229999542236328,1513400.0
2026-03-06,13.930000305175781,14.1899995803833,13.770000457763672,13.899999618530273,1120700.0
2026-03-09,13.640000343322754,14.140000343322754,13.630000114440918,14.069999694824219,1111000.0
2026-03-10,14.0600004196167,14.109999656677246,13.65999984741211,13.800000190734863,1144300.0
2026-03-11,13.539999961853027,14.020000457763672,13.5,14.010000228881836,1415000.0
2026-03-12,13.800000190734863,14.020000457763672,13.489999771118164,13.510000228881836,1869700.0
2026-03-13,13.539999961853027,14.020000457763672,13.390000343322754,13.600000381469727,1473500.0
2026-03-16,13.800000190734863,13.960000038146973,13.720000267028809,13.869999885559082,925600.0
2026-03-17,13.949999809265137,14.210000038146973,13.920000076293945,14.09000015258789,1494500.0
2026-03-18,14.0,14.739999771118164,13.899999618530273,14.1899995803833,2351100.0
2026-03-19,14.09000015258789,14.899999618530273,14.029999732971191,14.850000381469727,1219600.0
2026-03-20,14.779999732971191,14.90999984741211,14.3100004196167,14.350000381469727,2366000.0
2026-03-23,14.569999694824219,14.850000381469727,14.34000015258789,14.699999809265137,1228800.0
2026-03-24,14.59000015258789,15.020000457763672,14.460000038146973,14.920000076293945,1201500.0
2026-03-25,15.140000343322754,15.199999809265137,14.529999732971191,14.720000267028809,865900.0
2026-03-26,14.680000305175781,14.720000267028809,14.140000343322754,14.220000267028809,925300.0
2026-03-27,14.050000190734863,14.100000381469727,13.4399995803833,13.460000038146973,961800.0
2026-03-30,13.630000114440918,13.789999961853027,13.460000038146973,13.65999984741211,1249600.0
2026-03-31,13.920000076293945,14.319999694824219,13.760000228881836,14.229999542236328,932300.0
2026-04-01,14.350000381469727,14.699999809265137,14.109999656677246,14.109999656677246,927700.0
2026-04-02,13.789999961853027,14.220000267028809,13.680000305175781,14.029999732971191,585100.0
2026-04-06,14.079999923706055,14.210000038146973,13.869999885559082,13.869999885559082,623600.0
2026-04-07,13.800000190734863,14.180000305175781,13.65999984741211,14.149999618530273,736000.0
2026-04-08,14.699999809265137,14.949999809265137,13.59000015258789,13.600000381469727,1408700.0
2026-04-09,13.550000190734863,13.800000190734863,12.770000457763672,13.050000190734863,1588600.0
2026-04-10,13.149999618530273,13.420000076293945,12.90999984741211,13.119999885559082,1269300.0
2026-04-13,13.109999656677246,13.739999771118164,13.109999656677246,13.720000267028809,968500.0
2026-04-14,13.930000305175781,14.079999923706055,13.779999732971191,13.920000076293945,1186700.0
2026-04-15,13.949999809265137,14.569999694824219,13.949999809265137,14.510000228881836,912900.0
2026-04-16,14.5600004196167,14.890000343322754,14.5600004196167,14.819999694824219,1060400.0
2026-04-17,14.949999809265137,15.430000305175781,14.920000076293945,15.1899995803833,1487500.0
2026-04-20,15.220000267028809,15.4399995803833,14.850000381469727,14.970000267028809,1114600.0
2026-04-21,15.050000190734863,15.289999961853027,14.699999809265137,14.779999732971191,962900.0
2026-04-22,14.850000381469727,14.979999542236328,14.520000457763672,14.59000015258789,749200.0
2026-04-23,14.5,14.510000228881836,13.979999542236328,14.170000076293945,718200.0
2026-04-24,14.229999542236328,14.680000305175781,14.229999542236328,14.600000381469727,908300.0
2026-04-27,14.619999885559082,14.84000015258789,14.140000343322754,14.210000038146973,1056200.0
2026-04-28,14.079999923706055,14.279999732971191,13.779999732971191,14.0,1562100.0
2026-04-29,13.949999809265137,14.220000267028809,13.8100004196167,14.020000457763672,952200.0
2026-04-30,14.029999732971191,14.239999771118164,13.880000114440918,14.050000190734863,1211600.0
2026-05-01,14.1899995803833,14.710000038146973,13.880000114440918,14.609999656677246,1607700.0
2026-05-04,14.569999694824219,14.829999923706055,14.270000457763672,14.75,1108400.0
2026-05-05,14.84000015258789,14.949999809265137,14.600000381469727,14.729999542236328,933100.0
2026-05-06,14.8100004196167,14.9399995803833,14.550000190734863,14.569999694824219,1162500.0
2026-05-07,14.609999656677246,15.180000305175781,14.569999694824219,14.899999618530273,1665200.0
2026-05-08,16.1200008392334,16.889999389648438,14.829999923706055,15.25,4022400.0
2026-05-11,15.300000190734863,15.34000015258789,13.300000190734863,13.59000015258789,2846900.0
2026-05-12,13.699999809265137,13.710000038146973,12.800000190734863,12.949999809265137,2296600.0
2026-05-13,12.739999771118164,13.15999984741211,12.609999656677246,12.640000343322754,1400200.0
2026-05-14,12.84000015258789,13.0,12.449999809265137,12.710000038146973,1302400.0
2026-05-15,12.529999732971191,12.680000305175781,12.130000114440918,12.319999694824219,1679000.0
2026-05-18,12.460000038146973,13.109999656677246,12.319999694824219,12.949999809265137,2452000.0
2026-05-19,13.109999656677246,13.239999771118164,12.600000381469727,12.779999732971191,1981700.0
2026-05-20,12.65999984741211,13.130000114440918,12.550000190734863,13.050000190734863,1616400.0
2026-05-21,12.90999984741211,13.039999961853027,12.550000190734863,12.729999542236328,1125700.0
2026-05-22,12.920000076293945,13.220000267028809,12.819999694824219,13.15999984741211,952300.0
2026-05-26,13.210000038146973,13.550000190734863,13.020000457763672,13.470000267028809,1300600.0
2026-05-27,13.510000228881836,13.800000190734863,13.210000038146973,13.210000038146973,1074500.0
2026-05-28,13.239999771118164,13.430000305175781,13.09000015258789,13.270000457763672,722000.0
2026-05-29,13.3100004196167,13.40999984741211,13.15999984741211,13.34000015258789,1320500.0
2026-06-01,13.369999885559082,13.890000343322754,13.3100004196167,13.760000228881836,1892800.0
2026-06-02,13.59000015258789,13.6899995803833,13.140000343322754,13.369999885559082,1168800.0
2026-06-03,13.289999961853027,13.350000381469727,12.680000305175781,12.899999618530273,1042300.0
2026-06-04,13.029999732971191,13.279999732971191,12.729999542236328,12.930000305175781,853900.0
2026-06-05,12.850000381469727,13.210000038146973,12.710000038146973,12.800000190734863,1102800.0
2026-06-08,12.770000457763672,12.949999809265137,12.65999984741211,12.670000076293945,813900.0
2026-06-09,12.640000343322754,12.90999984741211,12.479999542236328,12.770000457763672,994300.0
2026-06-10,12.680000305175781,12.949999809265137,12.270000457763672,12.319999694824219,1045300.0
2026-06-11,12.319999694824219,12.770000457763672,12.149999618530273,12.710000038146973,792200.0
2026-06-12,12.770000457763672,13.010000228881836,12.569999694824219,12.920000076293945,990500.0
2026-06-15,13.010000228881836,13.489999771118164,12.880000114440918,13.210000038146973,1175200.0
2026-06-16,13.390000343322754,13.479999542236328,13.210000038146973,13.25,868200.0
2026-06-17,13.260000228881836,13.520000457763672,12.630000114440918,12.6899995803833,1291100.0
2026-06-18,12.760000228881836,13.1899995803833,12.65999984741211,13.0600004196167,2461400.0
2026-06-22,12.949999809265137,13.260000228881836,12.84000015258789,13.220000267028809,887200.0
2026-06-23,13.119999885559082,13.319999694824219,12.600000381469727,12.8100004196167,1276100.0
2026-06-24,12.699999809265137,12.90999984741211,12.380000114440918,12.420000076293945,1094200.0
2026-06-25,12.609999656677246,12.949999809265137,12.289999961853027,12.369999885559082,891600.0
2026-06-26,12.3100004196167,12.829999923706055,12.3100004196167,12.529999732971191,3117000.0
2026-06-29,12.569999694824219,13.210000038146973,12.319999694824219,13.050000190734863,1457700.0
2026-06-30,12.850000381469727,13.649999618530273,12.75,13.479999542236328,1302800.0
2026-07-01,13.630000114440918,14.010000228881836,13.520000457763672,13.550000190734863,1343100.0
2026-07-02,13.460000038146973,13.579999923706055,12.710000038146973,12.979999542236328,1223600.0
2026-07-06,12.880000114440918,13.390000343322754,12.640000343322754,13.1899995803833,1302500.0
2026-07-07,13.510000228881836,13.920000076293945,13.020000457763672,13.170000076293945,2348600.0
2026-07-08,13.229999542236328,13.229999542236328,12.4399995803833,12.800000190734863,1382400.0
2026-07-09,12.75,13.1899995803833,12.5,13.100000381469727,952700.0
2026-07-10,13.220000267028809,13.369999885559082,12.760000228881836,13.0,892300.0
2026-07-13,13.029999732971191,13.1899995803833,12.75,13.109999656677246,823500.0
2026-07-14,13.109999656677246,13.210000038146973,12.90999984741211,13.1899995803833,923100.0
2026-07-15,13.329999923706055,13.390000343322754,12.739999771118164,12.84000015258789,812000.0
2026-07-16,12.800000190734863,13.09000015258789,12.65999984741211,13.079999923706055,796000.0
2026-07-17,12.779999732971191,13.449999809265137,12.739999771118164,13.3100004196167,1277300.0
2026-07-20,13.180000305175781,13.399999618530273,13.020000457763672,13.199999809265137,772600.0
2026-07-21,13.229999542236328,13.449999809265137,13.050000190734863,13.239999771118164,934900.0
2026-07-22,13.239999771118164,13.319999694824219,12.819999694824219,12.930000305175781,803400.0
2026-07-23,12.819999694824219,12.890000343322754,12.380000114440918,12.529999732971191,968200.0
2026-07-24,12.699999809265137,13.050000190734863,12.489999771118164,12.869999885559082,1102100.0
